100
105
110
105
100
110
105
110
100
100
110
105
110
105
100
110
100
105
225
250
275
210
225
250
275
230
225
250
275
255
225
250
275
290
350
325
351
352
355
350
325
351
352
330
360
335
361
362
340
360
335
361
362
365
450
475
425
415
435
410
450
475
425
415
435
420
450
475
425
415
435
430
450
475
425
415
435
440
450
475
425
465
485
460
450
475
425
465
485
470
450
475
425
465
485
480
450
475
425
465
485
490
550
525
575
515
535
505
500
550
525
575
515
535
505
500
530
550
525
575
515
535
505
500
530
540
550
525
575
515
535
505
500
530
540
560
550
525
575
515
535
505
500
530
540
560
570
625
650
675
615
635
605
602
601
625
650
675
615
635
605
602
603
625
650
675
615
635
605
602
610
625
650
675
615
635
605
602
620
650
625
675
615
635
630
640
628
650
625
675
615
635
630
640
632
650
625
675
615
635
630
640
638
650
625
675
615
635
630
640
642
650
625
675
665
685
690
680
678
650
625
675
665
685
690
680
682
650
625
675
665
685
690
680
687
650
625
675
665
685
690
680
692


